Flagged IP address,Failed attempts count
10.0.0.99,5
